$MeshFormat
4.1 0 8
$EndMeshFormat
$PhysicalNames
5
1 2 "Bottom"
1 3 "Right"
1 4 "Top"
1 5 "Left"
2 1 "Surface"
$EndPhysicalNames
$Entities
4 4 1 0
1 0 0 0 0 
2 1 0 0 0 
3 1 1 0 0 
4 0 1 0 0 
1 0 0 0 1 0 0 1 2 2 1 -2 
2 1 0 0 1 1 0 1 3 2 2 -3 
3 0 1 0 1 1 0 1 4 2 3 -4 
4 0 0 0 0 1 0 1 5 2 4 -1 
1 0 0 0 1 1 0 1 1 4 1 2 3 4 
$EndEntities
$Nodes
9 153 1 153
0 1 0 1
1
0 0 0
0 2 0 1
2
1 0 0
0 3 0 1
3
1 1 0
0 4 0 1
4
0 1 0
1 1 0 15
5
6
7
8
9
10
11
12
13
14
15
16
17
18
19
0.06249999999987315 0 0
0.1249999999997789 0 0
0.1874999999995987 0 0
0.2499999999994184 0 0
0.3124999999992368 0 0
0.3749999999990553 0 0
0.4374999999988737 0 0
0.4999999999986921 0 0
0.5624999999988556 0 0
0.6249999999990191 0 0
0.6874999999991827 0 0
0.7499999999993461 0 0
0.8124999999995095 0 0
0.874999999999673 0 0
0.9374999999998366 0 0
1 2 0 7
20
21
22
23
24
25
26
1 0.1249999999997738 0
1 0.2499999999994083 0
1 0.37499999999904 0
1 0.4999999999986718 0
1 0.6249999999990038 0
1 0.7499999999993359 0
1 0.8749999999996679 0
1 3 0 15
27
28
29
30
31
32
33
34
35
36
37
38
39
40
41
0.93750000000029 1 0
0.875000000000516 1 0
0.8125000000006892 1 0
0.7500000000007601 1 0
0.6875000000010365 1 0
0.6250000000012922 1 0
0.562500000001755 1 0
0.5000000000020595 1 0
0.437500000001802 1 0
0.3750000000015445 1 0
0.3125000000012872 1 0
0.2500000000010297 1 0
0.1875000000007723 1 0
0.1250000000005148 1 0
0.06250000000025746 1 0
1 4 0 7
42
43
44
45
46
47
48
0 0.8750000000000254 0
0 0.7500000000004128 0
0 0.6250000000009509 0
0 0.5000000000013305 0
0 0.3750000000009979 0
0 0.2500000000006652 0
0 0.1250000000003326 0
2 1 0 105
49
50
51
52
53
54
55
56
57
58
59
60
61
62
63
64
65
66
67
68
69
70
71
72
73
74
75
76
77
78
79
80
81
82
83
84
85
86
87
88
89
90
91
92
93
94
95
96
97
98
99
100
101
102
103
104
105
106
107
108
109
110
111
112
113
114
115
116
117
118
119
120
121
122
123
124
125
126
127
128
129
130
131
132
133
134
135
136
137
138
139
140
141
142
143
144
145
146
147
148
149
150
151
152
153
0.5000000000003758 0.5 0
0.2500000000002241 0.5000000000006652 0
0.7500000000000531 0.4999999999993359 0
0.2499999999998213 0.2500000000003326 0
0.125000000000112 0.5000000000009979 0
0.1249999999999455 0.2500000000004989 0
0.4999999999995339 0.25 0
0.3750000000003 0.5000000000003326 0
0.3749999999996776 0.2500000000001663 0
0.5000000000012177 0.75 0
0.2500000000006269 0.7500000000003326 0
0.3750000000009223 0.7500000000001663 0
0.1250000000003134 0.7500000000003727 0
0.7499999999996996 0.2499999999996679 0
0.6250000000002145 0.4999999999996679 0
0.6249999999996168 0.249999999999834 0
0.8750000000000265 0.4999999999990038 0
0.8749999999998497 0.2499999999995381 0
0.7500000000004066 0.7499999999996679 0
0.8750000000002712 0.749999999999502 0
0.6250000000007532 0.749999999999834 0
0.1249999999998622 0.1250000000002495 0
0.06249999999997274 0.2500000000005821 0
0.06249999999992294 0.125000000000291 0
0.2499999999996199 0.1250000000001663 0
0.1874999999998834 0.2500000000004158 0
0.187499999999741 0.1250000000002079 0
0.2500000000000226 0.3750000000004989 0
0.1875000000001681 0.5000000000008316 0
0.1250000000000288 0.3750000000007484 0
0.1875000000000257 0.3750000000006237 0
0.06250000000005602 0.5000000000011642 0
0.06250000000001438 0.3750000000008731 0
0.3749999999993664 0.1250000000000832 0
0.3124999999997494 0.2500000000002495 0
0.3124999999994931 0.1250000000001247 0
0.499999999999113 0.125 0
0.4374999999996058 0.2500000000000832 0
0.4374999999992397 0.1250000000000416 0
0.4999999999999549 0.375 0
0.4375000000003379 0.5000000000001663 0
0.3749999999999888 0.3750000000002495 0
0.4374999999999718 0.3750000000001247 0
0.312500000000262 0.5000000000004989 0
0.3125000000000057 0.3750000000003742 0
0.3750000000006112 0.6250000000002495 0
0.3125000000007746 0.7500000000002495 0
0.2500000000004255 0.6250000000004989 0
0.3125000000005183 0.6250000000003743 0
0.5000000000007967 0.625 0
0.43750000000107 0.7500000000000832 0
0.4375000000007039 0.6250000000001247 0
0.5000000000016386 0.875 0
0.3750000000012335 0.8750000000000832 0
0.437500000001436 0.8750000000000416 0
0.2500000000008283 0.8750000000001663 0
0.312500000001031 0.8750000000001248 0
0.1250000000002127 0.6250000000006852 0
0.06250000000015671 0.7500000000003928 0
0.06250000000010636 0.625000000000818 0
0.1875000000004702 0.7500000000003526 0
0.1875000000003191 0.6250000000005921 0
0.1250000000004141 0.8750000000001863 0
0.1875000000006212 0.8750000000001763 0
0.06250000000020708 0.8750000000001059 0
0.6249999999993179 0.124999999999917 0
0.5624999999995753 0.249999999999917 0
0.5624999999992154 0.1249999999999585 0
0.7499999999995228 0.124999999999834 0
0.6874999999996582 0.2499999999997509 0
0.6874999999994205 0.1249999999998755 0
0.7499999999998763 0.3749999999995019 0
0.6875000000001338 0.4999999999995019 0
0.6249999999999156 0.374999999999751 0
0.687499999999896 0.3749999999996265 0
0.5625000000002951 0.499999999999834 0
0.5624999999999352 0.3749999999998754 0
0.8749999999997613 0.1249999999997691 0
0.8124999999997746 0.249999999999603 0
0.8124999999996421 0.1249999999998015 0
0.9374999999999248 0.2499999999994732 0
0.9374999999998805 0.1249999999997714 0
0.9375000000000133 0.4999999999988378 0
0.874999999999938 0.374999999999271 0
0.9374999999999689 0.3749999999991556 0
0.8125000000000397 0.4999999999991698 0
0.8124999999999072 0.3749999999993864 0
0.8750000000001489 0.6249999999992528 0
0.8125000000003388 0.749999999999585 0
0.7500000000002298 0.624999999999502 0
0.8125000000001892 0.6249999999993774 0
0.9375000000001357 0.7499999999994189 0
0.9375000000000744 0.6249999999991283 0
0.8750000000003937 0.874999999999751 0
0.9375000000002128 0.8749999999997095 0
0.7500000000005833 0.8749999999998339 0
0.812500000000514 0.8749999999997924 0
0.6250000000004838 0.624999999999751 0
0.5625000000009854 0.749999999999917 0
0.5625000000006403 0.6249999999998754 0
0.6875000000005799 0.749999999999751 0
0.6875000000003568 0.6249999999996265 0
0.6250000000010227 0.874999999999917 0
0.6875000000008082 0.8749999999998754 0
0.5625000000013702 0.8749999999999585 0
$EndNodes
$Elements
5 176 1 176
1 1 1 16
1 1 5 
2 5 6 
3 6 7 
4 7 8 
5 8 9 
6 9 10 
7 10 11 
8 11 12 
9 12 13 
10 13 14 
11 14 15 
12 15 16 
13 16 17 
14 17 18 
15 18 19 
16 19 2 
1 2 1 8
17 2 20 
18 20 21 
19 21 22 
20 22 23 
21 23 24 
22 24 25 
23 25 26 
24 26 3 
1 3 1 16
25 3 27 
26 27 28 
27 28 29 
28 29 30 
29 30 31 
30 31 32 
31 32 33 
32 33 34 
33 34 35 
34 35 36 
35 36 37 
36 37 38 
37 38 39 
38 39 40 
39 40 41 
40 41 4 
1 4 1 8
41 4 42 
42 42 43 
43 43 44 
44 44 45 
45 45 46 
46 46 47 
47 47 48 
48 48 1 
2 1 3 128
49 1 5 72 48 
50 5 6 70 72 
51 72 70 54 71 
52 48 72 71 47 
53 6 7 75 70 
54 7 8 73 75 
55 75 73 52 74 
56 70 75 74 54 
57 54 74 79 78 
58 74 52 76 79 
59 79 76 50 77 
60 78 79 77 53 
61 47 71 81 46 
62 71 54 78 81 
63 81 78 53 80 
64 46 81 80 45 
65 8 9 84 73 
66 9 10 82 84 
67 84 82 57 83 
68 73 84 83 52 
69 10 11 87 82 
70 11 12 85 87 
71 87 85 55 86 
72 82 87 86 57 
73 57 86 91 90 
74 86 55 88 91 
75 91 88 49 89 
76 90 91 89 56 
77 52 83 93 76 
78 83 57 90 93 
79 93 90 56 92 
80 76 93 92 50 
81 50 92 97 96 
82 92 56 94 97 
83 97 94 60 95 
84 96 97 95 59 
85 56 89 100 94 
86 89 49 98 100 
87 100 98 58 99 
88 94 100 99 60 
89 60 99 103 102 
90 99 58 101 103 
91 103 101 34 35 
92 102 103 35 36 
93 59 95 105 104 
94 95 60 102 105 
95 105 102 36 37 
96 104 105 37 38 
97 45 80 108 44 
98 80 53 106 108 
99 108 106 61 107 
100 44 108 107 43 
101 53 77 110 106 
102 77 50 96 110 
103 110 96 59 109 
104 106 110 109 61 
105 61 109 112 111 
106 109 59 104 112 
107 112 104 38 39 
108 111 112 39 40 
109 43 107 113 42 
110 107 61 111 113 
111 113 111 40 41 
112 42 113 41 4 
113 12 13 116 85 
114 13 14 114 116 
115 116 114 64 115 
116 85 116 115 55 
117 14 15 119 114 
118 15 16 117 119 
119 119 117 62 118 
120 114 119 118 64 
121 64 118 123 122 
122 118 62 120 123 
123 123 120 51 121 
124 122 123 121 63 
125 55 115 125 88 
126 115 64 122 125 
127 125 122 63 124 
128 88 125 124 49 
129 16 17 128 117 
130 17 18 126 128 
131 128 126 66 127 
132 117 128 127 62 
133 18 19 130 126 
134 19 2 20 130 
135 130 20 21 129 
136 126 130 129 66 
137 66 129 133 132 
138 129 21 22 133 
139 133 22 23 131 
140 132 133 131 65 
141 62 127 135 120 
142 127 66 132 135 
143 135 132 65 134 
144 120 135 134 51 
145 51 134 139 138 
146 134 65 136 139 
147 139 136 68 137 
148 138 139 137 67 
149 65 131 141 136 
150 131 23 24 141 
151 141 24 25 140 
152 136 141 140 68 
153 68 140 143 142 
154 140 25 26 143 
155 143 26 3 27 
156 142 143 27 28 
157 67 137 145 144 
158 137 68 142 145 
159 145 142 28 29 
160 144 145 29 30 
161 49 124 148 98 
162 124 63 146 148 
163 148 146 69 147 
164 98 148 147 58 
165 63 121 150 146 
166 121 51 138 150 
167 150 138 67 149 
168 146 150 149 69 
169 69 149 152 151 
170 149 67 144 152 
171 152 144 30 31 
172 151 152 31 32 
173 58 147 153 101 
174 147 69 151 153 
175 153 151 32 33 
176 101 153 33 34 
$EndElements
